每幅图像的标定误差：
第1幅图像的平均误差：0.112981像素
第2幅图像的平均误差：0.107147像素
第3幅图像的平均误差：0.104449像素
第4幅图像的平均误差：0.120927像素
第5幅图像的平均误差：0.104435像素
第6幅图像的平均误差：0.101811像素
第7幅图像的平均误差：0.107971像素
第8幅图像的平均误差：0.125621像素
第9幅图像的平均误差：0.321307像素
第10幅图像的平均误差：0.128609像素
总体平均误差：0.133526像素

相机内参数矩阵：
[2396.669005066522, 0, 1576.295032884023;
 0, 2396.011595433297, 1194.433902854024;
 0, 0, 1]

畸变系数：
[0.1288434924211183, -0.5715019631931232, 0.001502035724686574, -0.0008022080991279006, 0.7546738574489824]


第1幅图像的旋转向量：
[57.67529579582189;
 19.6727572793553;
 179.0874185664609]
第1幅图像的旋转矩阵：
[0.8007012863567133, -0.5851284378334421, 0.1284607382249546;
 0.5990616139435753, 0.7826533703569587, -0.1690529046429316;
 -0.001622567725379359, 0.2123167753793585, 0.9771995467490188]
第1幅图像的平移向量：
[-1.725465619139957;
 2.469027991887918;
 -0.03998030299638845]

第2幅图像的旋转向量：
[-38.56904437155443;
 -41.95851807501391;
 165.282677812243]
第2幅图像的旋转矩阵：
[0.4831114827753369, 0.8698074159384633, 0.1001915884147389;
 -0.8122755828345699, 0.4879632060128809, -0.3195313554385398;
 -0.32682055128369, 0.0729860860444228, 0.9422639537319366]
第2幅图像的平移向量：
[1.927140791644547;
 2.463754512634214;
 0.2075878384555847]

第3幅图像的旋转向量：
[-46.8682457625583;
 -33.12910132285891;
 165.607119236217]
第3幅图像的旋转矩阵：
[0.8059810469362746, 0.5885966288114839, 0.06283757260797812;
 -0.5674732485583895, 0.7985048567312377, -0.2009082027872774;
 -0.1684299977738378, 0.1262695621612022, 0.9775926214541123]
第3幅图像的平移向量：
[2.163133097814301;
 2.249766092119202;
 0.2148904558031827]

第4幅图像的旋转向量：
[56.30137657015956;
 10.62104577668384;
 182.3623055432804]
第4幅图像的旋转矩阵：
[-0.7206347869305225, -0.4150051898197984, 0.55538832926902;
 0.4766738023381356, -0.878268381916406, -0.03777215231413245;
 0.5034556485233872, 0.2375191397520862, 0.830732850091607]
第4幅图像的平移向量：
[-1.752826101512978;
 2.411017187306365;
 0.004843350064480678]

第5幅图像的旋转向量：
[49.00010691581113;
 18.37235423293695;
 182.0497222635767]
第5幅图像的旋转矩阵：
[0.6274806885242323, -0.7582955461803549, 0.1767932413080108;
 0.7783291824200265, 0.6045210263123478, -0.1695818756224821;
 0.02171794931683384, 0.2440126910414762, 0.9695288223091506]
第5幅图像的平移向量：
[-2.061378491664249;
 2.151128985919338;
 -0.009038459637468277]

第6幅图像的旋转向量：
[-37.63068256617411;
 -44.52994647364909;
 166.3994681893942]
第6幅图像的旋转矩阵：
[0.9290366604824616, -0.3530895665727541, -0.110537963872418;
 0.3611047947965191, 0.9303923434558597, 0.06303502529290581;
 0.08058666548852347, -0.09847763815292326, 0.9918709311847297]
第6幅图像的平移向量：
[-2.033872462011838;
 -2.36786264729534;
 -0.2200419694949268]

第7幅图像的旋转向量：
[-30.18389204357515;
 -47.08629166444234;
 167.3002941016988]
第7幅图像的旋转矩阵：
[0.8936175796031193, -0.426671949113225, -0.1392791056267395;
 0.4366827558842011, 0.8982172812842064, 0.05013867086180265;
 0.103710135173194, -0.1056255813822128, 0.9889830354561333]
第7幅图像的平移向量：
[-1.877796024858238;
 -2.485133636912369;
 -0.196040481953331]

第8幅图像的旋转向量：
[57.25553544015119;
 15.82776064367089;
 180.8798754893018]
第8幅图像的旋转矩阵：
[-0.194039425374693, -0.8695888520984834, 0.454052782951829;
 0.9352324522481215, -0.3036961258550218, -0.1819585760622891;
 0.2961232204036421, 0.3893377601089992, 0.8721967363451225]
第8幅图像的平移向量：
[-1.628226405929583;
 2.504218541989571;
 -0.07908956810828172]

第9幅图像的旋转向量：
[-45.63974129684946;
 -13.78152575878866;
 162.8160890892104]
第9幅图像的旋转矩阵：
[0.9999799853345664, -0.006303824076949397, -0.0005391959636112979;
 0.006304767102931943, 0.9999785662229921, 0.001765504570050549;
 0.0005280549763886202, -0.001768868739040662, 0.9999982961292114]
第9幅图像的平移向量：
[-1.541199713671819;
 -2.686205372254565;
 -0.1037234245776771]

第10幅图像的旋转向量：
[53.23787549061328;
 35.18035659851463;
 175.8352641059984]
第10幅图像的旋转矩阵：
[0.201316280271694, 0.9784429512082495, 0.0460559065534448;
 -0.8854033489016901, 0.1616595593438344, 0.4358062604259246;
 0.4189661860475621, -0.1285129491671877, 0.8988613668664991]
第10幅图像的平移向量：
[-2.085819755013535;
 2.181661401517918;
 0.001979801407042808]


